0 0.033477 0.288698 0.066953 0.221130
0 0.109337 0.302826 0.093980 0.217445
0 0.246161 0.400491 0.082002 0.218673
0 0.292690 0.390663 0.073710 0.230958
0 0.350737 0.383292 0.092138 0.240786
0 0.450246 0.269656 0.092138 0.239558
0 0.505528 0.256757 0.092138 0.257985
0 0.567721 0.234029 0.096744 0.269042
0 0.640971 0.210688 0.103194 0.281327
0 0.731726 0.185504 0.120700 0.309582
0 0.805897 0.301597 0.114251 0.332924
0 0.927058 0.265971 0.139128 0.357494
0 0.926136 0.834767 0.131757 0.330466
0 0.810504 0.831695 0.121622 0.336609
0 0.036701 0.635135 0.073402 0.211302
0 0.121775 0.643735 0.096744 0.208845
0 0.239251 0.725430 0.075553 0.205160
0 0.284398 0.734029 0.070025 0.210074
0 0.322174 0.745700 0.068182 0.216216
0 0.373311 0.724201 0.067260 0.160934
0 0.437807 0.665848 0.089373 0.277641
0 0.502764 0.667076 0.093980 0.282555
0 0.558047 0.672604 0.105037 0.305897
0 0.638206 0.690418 0.130835 0.294840