0 0.035319 0.120086 0.046069 0.121007
0 0.086225 0.119165 0.055743 0.125307
0 0.145424 0.122850 0.052518 0.110565
0 0.190341 0.139435 0.041923 0.073710
0 0.244932 0.109951 0.057125 0.121622
0 0.299754 0.095209 0.047912 0.146192
0 0.346744 0.104730 0.054361 0.117322
0 0.400875 0.101044 0.056665 0.119779
0 0.452012 0.082617 0.047451 0.155405
0 0.501766 0.084152 0.055743 0.140049
0 0.555897 0.093980 0.057125 0.111794
0 0.610258 0.089066 0.057125 0.113022
0 0.663698 0.084152 0.053440 0.114251
0 0.646422 0.917383 0.054822 0.157862
0 0.597589 0.911855 0.053900 0.152948
0 0.546222 0.908477 0.051597 0.153563
0 0.499463 0.903563 0.054822 0.152334
0 0.382678 0.862101 0.049754 0.125921
0 0.331542 0.871929 0.048833 0.129607
0 0.289158 0.866093 0.045147 0.132678
0 0.222359 0.886671 0.062654 0.129607
0 0.148418 0.862408 0.055743 0.131450
0 0.094518 0.871929 0.055743 0.133292
0 0.050292 0.868243 0.049294 0.130835
0 0.205083 0.662469 0.041001 0.105037
0 0.234337 0.698096 0.052518 0.130835
0 0.282479 0.700553 0.059429 0.128378
0 0.401797 0.685811 0.047451 0.130835
0 0.445101 0.687346 0.046529 0.131450
0 0.487254 0.691032 0.045147 0.128993
0 0.538160 0.707310 0.047451 0.141892
0 0.588145 0.706081 0.050676 0.144349
0 0.638360 0.709152 0.051597 0.148034
0 0.605421 0.503686 0.054822 0.136364
0 0.553363 0.504607 0.052058 0.136978
0 0.503839 0.503686 0.053440 0.136364
0 0.456388 0.504300 0.051597 0.135135
0 0.661625 0.295147 0.049294 0.132064
0 0.612561 0.298526 0.053440 0.127764
0 0.555206 0.303440 0.052979 0.122850
0 0.500384 0.313882 0.054822 0.114251
0 0.451090 0.314189 0.050215 0.107494
0 0.363329 0.302518 0.055283 0.133292
0 0.397190 0.501843 0.058507 0.137592
0 0.346053 0.502150 0.053900 0.139435
0 0.317491 0.304668 0.048372 0.132678
0 0.267276 0.306204 0.054822 0.130835
0 0.248157 0.502457 0.056204 0.133907
0 0.193335 0.504607 0.059889 0.128378
0 0.146115 0.503686 0.053900 0.127764
0 0.103732 0.503071 0.052058 0.125307
0 0.225814 0.309582 0.052058 0.125307
0 0.177442 0.308047 0.053900 0.128378
0 0.130221 0.307740 0.052518 0.127764
0 0.083692 0.307740 0.048833 0.126536
0 0.037162 0.308968 0.051597 0.131450