0 0.177885 0.333403 0.134200 0.178234
0 0.294611 0.339694 0.107640 0.163556
0 0.374292 0.347557 0.076885 0.147830
0 0.482631 0.352275 0.103446 0.144684
0 0.560215 0.359090 0.068498 0.135248
0 0.620326 0.368002 0.068498 0.111134
0 0.674146 0.370623 0.058713 0.103795
0 0.737751 0.366953 0.074090 0.115328
0 0.789474 0.370623 0.048927 0.110086
0 0.218425 0.550430 0.142588 0.182428
0 0.331656 0.544139 0.103446 0.169847
0 0.422520 0.533655 0.092263 0.153072
0 0.501503 0.529985 0.071294 0.147830
0 0.622423 0.525267 0.072692 0.113231
0 0.686727 0.518977 0.064304 0.106941
0 0.736353 0.515831 0.051723 0.100650
0 0.827217 0.380059 0.046131 0.097505
0 0.816733 0.506920 0.061508 0.093311
0 0.864961 0.377962 0.040540 0.084923
0 0.895935 0.376853 0.047340 0.092189
0 0.923757 0.379345 0.039865 0.088451
0 0.951165 0.385262 0.036543 0.074125
0 0.856900 0.504547 0.045679 0.089697
0 0.888045 0.501433 0.043188 0.080977
0 0.922512 0.499875 0.040696 0.079108
0 0.739795 0.691728 0.065612 0.120219
0 0.689548 0.706366 0.069765 0.130809
0 0.632241 0.720381 0.076409 0.137660
0 0.567045 0.737511 0.083884 0.149495
0 0.500187 0.756198 0.091358 0.154479
0 0.418380 0.777065 0.102155 0.168805
0 0.327021 0.804784 0.113783 0.184378
0 0.218222 0.834371 0.138699 0.201196