0 0.063422 0.231024 0.115044 0.307027
0 0.174041 0.225775 0.117994 0.307027
0 0.274336 0.228400 0.103245 0.328020
0 0.379056 0.234960 0.106195 0.304402
0 0.490413 0.234960 0.104720 0.320147
0 0.589971 0.221839 0.103245 0.320147
0 0.698378 0.215279 0.101770 0.317523
0 0.805310 0.217903 0.112094 0.322772
0 0.915192 0.216591 0.107670 0.309651
0 0.084808 0.831956 0.113569 0.312275
0 0.186578 0.824084 0.087021 0.317523
0 0.280973 0.810963 0.113569 0.359510
0 0.381268 0.820147 0.095870 0.330644
0 0.477139 0.814899 0.095870 0.346389
0 0.577434 0.809651 0.104720 0.356886
0 0.676254 0.810963 0.101770 0.359510
0 0.766962 0.816211 0.085546 0.359510
0 0.848083 0.810963 0.094395 0.349013
0 0.935841 0.814899 0.095870 0.351637