0 0.029375 0.053365 0.044836 0.106730
0 0.080782 0.053052 0.045609 0.106104
0 0.149003 0.053052 0.039038 0.106104
0 0.191520 0.053678 0.044450 0.107355
0 0.235390 0.053678 0.042517 0.107355
0 0.279259 0.054303 0.045223 0.108606
0 0.321970 0.053678 0.042517 0.107355
0 0.364487 0.054616 0.044063 0.109232
0 0.407583 0.053365 0.043677 0.106730
0 0.449134 0.053052 0.040198 0.106104
0 0.448748 0.256549 0.036333 0.143251
0 0.409709 0.255923 0.040971 0.143251
0 0.369125 0.257487 0.043290 0.141374
0 0.328347 0.258113 0.040584 0.142625
0 0.287570 0.257800 0.042517 0.143251
0 0.235390 0.259989 0.042517 0.143876
0 0.191713 0.258426 0.044063 0.143251
0 0.150162 0.258426 0.040584 0.143251
0 0.081942 0.265307 0.044063 0.129489
0 0.036719 0.264368 0.047155 0.135119
0 0.031694 0.514901 0.048701 0.145753
0 0.079429 0.513962 0.046769 0.145127
0 0.166976 0.514275 0.040971 0.138246
0 0.203695 0.516465 0.037106 0.137621
0 0.239641 0.516777 0.037106 0.138246
0 0.274428 0.516777 0.036333 0.135744
0 0.309988 0.515839 0.035560 0.137621
0 0.344968 0.515214 0.035173 0.137621
0 0.382073 0.510835 0.036719 0.135119
0 0.417633 0.511773 0.035173 0.138246
0 0.450100 0.508958 0.032081 0.133868
0 0.015847 0.770125 0.031694 0.145753
0 0.051407 0.767623 0.039425 0.140749
0 0.086580 0.767623 0.031694 0.136995
0 0.143205 0.665033 0.029762 0.109471
0 0.174513 0.665033 0.033627 0.109471
0 0.206207 0.665033 0.032854 0.110722
0 0.234037 0.662843 0.026670 0.110097
0 0.140693 0.778570 0.028602 0.112599
0 0.169295 0.778257 0.033241 0.110722
0 0.200410 0.778883 0.032854 0.109471
0 0.233457 0.779821 0.034014 0.110097
0 0.278293 0.770750 0.034787 0.125735
0 0.313273 0.769499 0.035946 0.123233
0 0.349412 0.770125 0.035560 0.120731
0 0.383813 0.767935 0.034014 0.118854
0 0.417246 0.767310 0.033627 0.121357
0 0.450294 0.765120 0.034014 0.123233