0 0.053841 0.114768 0.059066 0.168757
0 0.139422 0.118971 0.054323 0.165524
0 0.181457 0.134812 0.046994 0.149360
0 0.223493 0.332665 0.049150 0.140308
0 0.279972 0.332342 0.044838 0.133195
0 0.351972 0.332665 0.044838 0.133842
0 0.544259 0.175223 0.036216 0.118971
0 0.574439 0.184922 0.025868 0.116384
0 0.626607 0.188155 0.031904 0.111212
0 0.643637 0.196237 0.025437 0.104099
0 0.485625 0.334605 0.021557 0.115738
0 0.533697 0.340747 0.040096 0.106039
0 0.604403 0.340747 0.037509 0.098280
0 0.660020 0.340424 0.036647 0.093754
0 0.765002 0.335575 0.025868 0.093107
0 0.784834 0.217897 0.025868 0.089228
0 0.754654 0.210785 0.024144 0.086642
0 0.769960 0.457778 0.022850 0.084055
0 0.737193 0.191711 0.011641 0.106686