0 0.020091 0.341965 0.040182 0.052610
0 0.061508 0.344519 0.046280 0.051589
0 0.103022 0.344295 0.044770 0.051030
0 0.148352 0.345398 0.049247 0.051975
0 0.194521 0.346185 0.044211 0.050400
0 0.237612 0.346185 0.045330 0.051660
0 0.281823 0.345555 0.047568 0.055440
0 0.324075 0.346343 0.044770 0.055125
0 0.367166 0.346815 0.045890 0.055440
0 0.411377 0.346815 0.045890 0.055440
0 0.451111 0.347130 0.034697 0.056070
0 0.035866 0.445568 0.042532 0.051975
0 0.064687 0.446985 0.043091 0.053550
0 0.103022 0.448875 0.043651 0.051660
0 0.144155 0.450293 0.045330 0.051975
0 0.185847 0.451553 0.041412 0.052605
0 0.227539 0.452498 0.044211 0.051975
0 0.268672 0.453128 0.045890 0.051975
0 0.312603 0.454230 0.043091 0.051660
0 0.353735 0.455648 0.044770 0.051975
0 0.397946 0.456750 0.042532 0.053550
0 0.441597 0.458168 0.044770 0.052605
0 0.025793 0.547786 0.040293 0.045990
0 0.062449 0.549676 0.047568 0.046620
0 0.106100 0.552196 0.052045 0.047250
0 0.152829 0.554558 0.055963 0.049455
0 0.202076 0.556606 0.049247 0.048510
0 0.246566 0.558338 0.049807 0.048195
0 0.290777 0.560071 0.048688 0.049140
0 0.334988 0.562276 0.049807 0.049770
0 0.382276 0.564008 0.052605 0.050085
0 0.430964 0.566528 0.054844 0.051345
0 0.031389 0.645121 0.039174 0.049770
0 0.066926 0.647798 0.041972 0.050085
0 0.103022 0.650476 0.043651 0.049140
0 0.143875 0.654256 0.044770 0.051660
0 0.189205 0.655988 0.044770 0.051975
0 0.232856 0.657721 0.048128 0.052920
0 0.274268 0.662131 0.044770 0.050400
0 0.314002 0.663863 0.047009 0.050085
0 0.356254 0.667328 0.044211 0.050085
0 0.397386 0.670478 0.044770 0.049455
0 0.433762 0.671896 0.042532 0.050400