0 0.466278 0.214701 0.113301 0.361069
0 0.566841 0.222747 0.091848 0.330896
0 0.640252 0.229787 0.061679 0.298712
0 0.702266 0.234816 0.065031 0.280608
0 0.759587 0.239845 0.057656 0.260493
0 0.808193 0.243365 0.050282 0.243395
0 0.843725 0.248394 0.052963 0.225291
0 0.885291 0.250908 0.059667 0.216239
0 0.924511 0.252920 0.052293 0.202159
0 0.975329 0.258954 0.049342 0.182043
0 0.473988 0.652711 0.108608 0.352017
0 0.563154 0.627567 0.085814 0.315810
0 0.629525 0.598400 0.072405 0.293683
0 0.695227 0.580799 0.075087 0.276585
0 0.747519 0.561186 0.052293 0.253452
0 0.791767 0.546603 0.052293 0.238366
0 0.830987 0.533025 0.050282 0.229314
0 0.867525 0.521459 0.044248 0.212216
0 0.904733 0.507881 0.044918 0.201153
0 0.940265 0.499835 0.042237 0.193107
0 0.852440 0.820171 0.063690 0.200147
0 0.823612 0.850343 0.062349 0.210205
0 0.781376 0.869956 0.055645 0.237360
0 0.740815 0.888713 0.063020 0.222574
0 0.688522 0.901788 0.071065 0.196424