0 0.424386 0.339309 0.066235 0.144754
0 0.032952 0.330345 0.062251 0.153386
0 0.090471 0.331009 0.057769 0.153386
0 0.147991 0.329349 0.059263 0.156707
0 0.202523 0.328685 0.059761 0.156707
0 0.257553 0.327025 0.057271 0.157371
0 0.303370 0.326693 0.044323 0.158035
0 0.487135 0.341633 0.074203 0.144090
0 0.553121 0.328021 0.057769 0.172643
0 0.610641 0.327689 0.057271 0.174635
0 0.665173 0.328685 0.056773 0.175299
0 0.719456 0.326361 0.059761 0.177291
0 0.775481 0.324037 0.059263 0.180611
0 0.834993 0.319721 0.062749 0.183931
0 0.831009 0.617530 0.061753 0.135458
0 0.772244 0.616866 0.060757 0.131474
0 0.714475 0.613214 0.058765 0.130810
0 0.518509 0.585657 0.067231 0.158035
0 0.456756 0.582337 0.064243 0.156707
0 0.403718 0.562417 0.060757 0.197875
0 0.296149 0.565405 0.053785 0.158699
0 0.244854 0.567065 0.059761 0.156707
0 0.188081 0.565073 0.064741 0.156707
0 0.129067 0.565073 0.067231 0.156707
0 0.086736 0.800797 0.063247 0.166003
0 0.142015 0.801461 0.062251 0.163347
0 0.198290 0.802457 0.059263 0.166667
0 0.248589 0.805113 0.061255 0.170651
0 0.294157 0.799801 0.052789 0.182603