0 0.055281 0.243857 0.110562 0.340295
0 0.165243 0.248157 0.120032 0.341523
0 0.283053 0.287469 0.122700 0.262899
0 0.407086 0.270270 0.128924 0.297297
0 0.531564 0.240786 0.127145 0.348894
0 0.660488 0.241400 0.132480 0.357494
0 0.800970 0.238943 0.132480 0.362408
0 0.933605 0.238329 0.132790 0.366093
0 0.932116 0.687346 0.117365 0.345209
0 0.819197 0.683661 0.103139 0.345209
0 0.704055 0.691032 0.123589 0.364865
0 0.572019 0.693489 0.124478 0.357494
0 0.450653 0.692875 0.123589 0.351351
0 0.321730 0.692260 0.130702 0.359951
0 0.197252 0.689803 0.120032 0.362408
0 0.099003 0.678133 0.108474 0.348894